name: face-attend
channels:
  - conda-forge
  - defaults
dependencies:
  - _openmp_mutex=4.5=20_gnu
  - bzip2=1.0.8=h2bbff1b_6
  - ca-certificates=2026.3.19=haa95532_0
  - click=8.3.1=pyha7b4d00_1
  - colorama=0.4.6=pyhd8ed1ab_1
  - dlib=19.24.2=py310h65af467_2
  - face-recognition=1.3.0=pyhd8ed1ab_0
  - face_recognition_models=0.3.0=pyh9f0ad1d_0
  - lcms2=2.18=hf2c6c5f_0
  - lerc=4.1.0=hd936e49_0
  - libblas=3.11.0=6_hf2e6a31_mkl
  - libcblas=3.11.0=6_h2a3cdd5_mkl
  - libdeflate=1.25=h51727cc_0
  - libexpat=2.7.5=hd7fb8db_0
  - libffi=3.4.4=hd77b12b_1
  - libfreetype=2.14.2=h57928b3_0
  - libfreetype6=2.14.2=hdbac1cb_0
  - libgcc=15.2.0=h8ee18e1_18
  - libgomp=15.2.0=h8ee18e1_18
  - libhwloc=2.12.2=default_h4379cf1_1000
  - libiconv=1.18=hc1393d2_2
  - libjpeg-turbo=3.1.2=hfd05255_0
  - liblapack=3.11.0=6_hf9ab0e9_mkl
  - liblzma=5.8.2=hfd05255_0
  - libpng=1.6.55=h7351971_0
  - libtiff=4.7.1=h8f73337_1
  - libwebp-base=1.6.0=h4d5522a_0
  - libwinpthread=12.0.0.r4.gg4f2fc60ca=h57928b3_10
  - libxcb=1.17.0=h0e4246c_0
  - libxml2=2.15.2=h5d26750_0
  - libxml2-16=2.15.2=h692994f_0
  - libzlib=1.3.1=h02ab6af_0
  - llvm-openmp=22.1.2=h4fa8253_0
  - mkl=2025.3.1=hac47afa_11
  - numpy=1.26.4=py310hf667824_0
  - openjpeg=2.5.4=h0e57b4f_0
  - openssl=3.6.2=hf411b9b_0
  - packaging=26.0=py310haa95532_0
  - pillow=12.1.1=py310h712baa7_0
  - pip=26.0.1=pyhc872135_1
  - pthread-stubs=0.4=h0e40799_1002
  - python=3.10.20=h1044e36_0
  - python_abi=3.10=2_cp310
  - sqlite=3.51.2=hee5a0db_0
  - tbb=2022.3.0=h3155e25_2
  - tk=8.6.15=hf199647_0
  - ucrt=10.0.22621.0=haa95532_0
  - vc=14.3=h2df5915_10
  - vc14_runtime=14.44.35208=h4927774_10
  - vs2015_runtime=14.44.35208=ha6b5a95_10
  - wheel=0.46.3=py310haa95532_0
  - xorg-libxau=1.0.12=hba3369d_1
  - xorg-libxdmcp=1.1.5=hba3369d_1
  - xz=5.8.2=h53af0af_0
  - zlib=1.3.1=h02ab6af_0
  - zlib-ng=2.3.3=h0261ad2_1
  - zstd=1.5.7=h534d264_6
  - pip:
      - certifi==2026.2.25
      - charset-normalizer==3.4.7
      - contourpy==1.3.2
      - cycler==0.12.1
      - filelock==3.25.2
      - fonttools==4.62.1
      - fsspec==2026.3.0
      - idna==3.11
      - jinja2==3.1.6
      - kiwisolver==1.5.0
      - markupsafe==3.0.3
      - matplotlib==3.10.8
      - mpmath==1.3.0
      - networkx==3.4.2
      - opencv-python==4.13.0.92
      - pandas==2.3.3
      - polars==1.39.3
      - polars-runtime-32==1.39.3
      - psutil==7.2.2
      - pyparsing==3.3.2
      - python-dateutil==2.9.0.post0
      - pytz==2026.1.post1
      - pyyaml==6.0.3
      - requests==2.33.1
      - scipy==1.15.3
      - setuptools==81.0.0
      - six==1.17.0
      - sympy==1.14.0
      - torch==2.11.0
      - torchvision==0.26.0
      - typing-extensions==4.15.0
      - tzdata==2026.1
      - ultralytics==8.4.35
      - ultralytics-thop==2.0.18
      - urllib3==2.6.3
prefix: D:\apps\anaconda3\envs\face-attend
